Canada AAFC Annual Crop Inventory

2009-01-01T00:00:00Z–2022-01-01T00:00:00

Agriculture and Agri-Food Canada
https://open.canada.ca/data/en/dataset/ba2645d5-4458-414d-b196-6303ac06c1c9

canada
crop
landcover

landcover
10
20
30
34
35
50
80
85
110
120
122
130
131
132
133
134
135
136
137
138
139
140
141
142
143
145
146
147
148
149
150
151
152
153
154
155
156
157
158
160
161
162
163
167
168
174
175
176
177
178
179
180
181
182
183
185
188
189
190
191
192
193
194
195
196
197
198
199
200
210
220
230
landcover_class_names
landcover_class_palette
landcover_class_values
